  1                   1                   1                   1                   1
  2                   8                  16                  32                  64
  3                  27                  81                 243                 729
  4                  64                 256               1,024               4,096
  5                 125                 625               3,125              15,625
  6                 216               1,296               7,776              46,656
  7                 343               2,401              16,807             117,649
  8                 512               4,096              32,768             262,144
  9                 729               6,561              59,049             531,441
 10               1,000              10,000             100,000           1,000,000
 11               1,331              14,641             161,051           1,771,561
 12               1,728              20,736             248,832           2,985,984
 13               2,197              28,561             371,293           4,826,809
 14               2,744              38,416             537,824           7,529,536
 15               3,375              50,625             759,375          11,390,625
 16               4,096              65,536           1,048,576          16,777,216
 17               4,913              83,521           1,419,857          24,137,569
 18               5,832             104,976           1,889,568          34,012,224
 19               6,859             130,321           2,476,099          47,045,881
 20               8,000             160,000           3,200,000          64,000,000
